# Created by Octave 5.2.0, Wed Mar 29 18:59:31 2023 CEST <pmagron@magronpc>
# name: score
# type: complex matrix
# ndims: 3
 8 3 45
 (9.2699185158156148,-8.0174164541406273e-18)
 (9.3203688450155404,-7.9101220357969125e-18)
 (9.9008395771349971,-7.1667161037423431e-18)
 (9.8961393506483404,-5.6496510300182661e-18)
 (9.6682503173177619,-3.260573290537048e-18)
 (8.9261183270728921,2.4137862861113575e-18)
 (8.0221234737355847,3.9853442153895154e-18)
 (7.1910826528415086,3.5852168296341709e-18)
 (20.03813091924124,7.2805695250338443e-18)
 (20.088416155395041,6.4731807614013636e-18)
 (21.030979838444541,9.0181429949443249e-19)
 (21.494149258404288,-1.4024094017842492e-18)
 (22.045397103551153,-3.020468047783464e-18)
 (22.190138138307791,-7.1783059273151234e-18)
 (22.187255948871496,-1.1599765033739263e-17)
 (22.407265732348367,-1.1002299377711859e-17)
 (9.688260224365564,-8.2102679115269187e-18)
 (9.7393888888541795,-8.1336488469390245e-18)
 (10.291635574998656,-7.6361326550517719e-18)
 (10.25084637892914,-6.0825179492026828e-18)
 (9.9688936271538964,-3.5369342985014324e-18)
 (9.1726993817971092,2.2951707353605824e-18)
 (8.2257373804221263,3.7704668471064499e-18)
 (7.3562292735137618,3.2248365517396464e-18)
 (10.883737196935989,-3.8569357430077285e-18)
 (10.955320008269677,-3.8449768021240761e-18)
 (11.999994123490705,-4.313396355453236e-18)
 (12.306822674607339,-3.8219574436637651e-18)
 (12.216516888329647,-6.5164411543448518e-19)
 (11.382213980226986,4.6974677574546999e-19)
 (10.266967894143669,-2.1439366446957651e-19)
 (9.4148414760975285,-9.2752684313906018e-19)
 (21.878275975272651,2.2179812068890835e-17)
 (21.947876784632019,2.229942823696951e-17)
 (23.533989109394156,2.6875815595624475e-17)
 (24.578749874865238,3.0064377771511351e-17)
 (25.569328072075457,3.1012835812308851e-17)
 (25.950198339936627,3.0489261284288111e-17)
 (25.591562312845355,3.0678800075216637e-17)
 (25.590278246621533,3.3772316852749131e-17)
 (11.367294858823881,-3.9190549074637606e-18)
 (11.436923831521419,-3.9235074891012327e-18)
 (12.405209018211233,-4.6101585728892352e-18)
 (12.638890286065294,-4.2663994362989982e-18)
 (12.468673922889913,-1.2000647285033063e-18)
 (11.565582275158715,-1.7066781412390157e-19)
 (10.42950640506832,-7.2508363937903129e-19)
 (9.5487039246007939,-1.3857434736967819e-18)
 (10.239500264196828,-5.7148141274836208e-18)
 (10.304147059933904,-5.9628272592224555e-18)
 (10.963519842255117,-5.6560366308184722e-18)
 (10.952050484185719,-3.9291529929769059e-18)
 (10.641781922622727,-3.6895546359108091e-18)
 (10.248169469855229,-3.8263395906566203e-18)
 (9.6010009755410408,-6.7418744202416663e-18)
 (8.5975928754879227,-4.7404690289925689e-18)
 (19.828433944276924,2.0714779181441869e-17)
 (19.907543149290412,2.0866010903845028e-17)
 (21.236563920929669,2.1333485632267647e-17)
 (22.084048542401966,2.1053631395433023e-17)
 (22.861019753756537,2.2084397629431407e-17)
 (23.639117081960915,2.227321612911334e-17)
 (24.039038999604109,2.7536338882857192e-17)
 (23.897104400458222,2.670921466787849e-17)
 (10.950071438185713,-6.9888553448250826e-18)
 (11.012371289011167,-7.4165776908601911e-18)
 (11.604184041595163,-7.3353132885585302e-18)
 (11.497095394837732,-5.2061577421385954e-18)
 (11.06222743499446,-5.2080085720354114e-18)
 (10.556418866117021,-5.4674062750357253e-18)
 (9.8346326876885168,-8.0840770602756466e-18)
 (8.7910082072511884,-5.4899670626828282e-18)
 (8.5828072782033296,7.4350995865214206e-18)
 (8.6246181564144884,7.4350553700388798e-18)
 (9.1460382134563982,8.8240400278358159e-18)
 (9.1017752903371889,9.2950558809125985e-18)
 (9.1066201770825401,6.5905479462781904e-18)
 (8.4436769305962613,9.820460097283013e-18)
 (8.1167940151221369,5.6563807502667389e-18)
 (7.6278515782381771,4.8570473168000528e-18)
 (19.254890996995123,-1.2491297512125037e-17)
 (19.249107833283777,-1.2545274284718252e-17)
 (19.989428683443624,-1.3868102385628732e-17)
 (20.472170580501196,-1.5389783459673876e-17)
 (21.338249544461753,-1.1112625511669502e-17)
 (21.645840197109031,-1.6883910242592288e-17)
 (22.345034746252558,-1.096348851797388e-17)
 (22.928269129166786,-1.1234915103484067e-17)
 (8.978268353488124,7.1782260595210472e-18)
 (9.0260004157748046,7.2070647442706425e-18)
 (9.5445666191976919,8.936928272420525e-18)
 (9.4616079976745624,9.4120717210656903e-18)
 (9.4063596289703959,6.8839590091853836e-18)
 (8.686832994081314,9.8508145847553141e-18)
 (8.309343876505233,5.9537285061048837e-18)
 (7.7797212508775857,5.09331346935796e-18)
 (11.102988279810978,-4.0980343350177137e-18)
 (11.1772621529218,-4.4731139798808689e-18)
 (11.72923427714613,-6.346410792683129e-18)
 (11.624309088864457,-6.7193904452790184e-18)
 (11.141635837553897,-6.3970187039832517e-18)
 (10.615779403869215,-2.8775600078021066e-18)
 (9.4977470408410962,8.4880391376278109e-19)
 (8.5635435872640162,2.4525729028460399e-18)
 (22.797309656104126,-2.0440030365085625e-17)
 (22.903170515993217,-2.0342453287002509e-17)
 (24.409330478268316,-2.314776991406318e-17)
 (25.087397320289664,-2.3763951223170536e-17)
 (25.62483462225363,-2.4496091933091796e-17)
 (26.171926582962069,-2.9573500510445099e-17)
 (26.252168625864631,-3.5816533133481417e-17)
 (26.284708471609335,-3.9738624307892959e-17)
 (11.472738924535168,-3.5784494623580412e-18)
 (11.544715689030213,-3.9268562424464092e-18)
 (12.023214520831171,-5.8630209319248192e-18)
 (11.865573371296136,-6.3776077223203125e-18)
 (11.327114906553236,-6.1729576881071147e-18)
 (10.760123657391091,-2.677553651933259e-18)
 (9.6126632344777736,9.6405312573941198e-19)
 (8.6564981153649683,2.4536519758090066e-18)
 (7.9859481451732712,6.8304781946766665e-18)
 (8.0302501145824827,7.1888022323738775e-18)
 (8.6404604558383546,8.4111913798269148e-18)
 (8.6264945503283812,7.9443336026215162e-18)
 (8.2073839116926841,6.6634220001407342e-18)
 (7.5128341670938674,3.6014020994566714e-18)
 (6.6602050408283606,1.9894644446395879e-18)
 (5.8097806226105195,9.0461128483671742e-19)
 (18.451900818857652,-3.8691780949814131e-18)
 (18.465153583153175,-4.0531728829937218e-18)
 (19.57973657643381,-2.7552876792068163e-18)
 (20.237150355519383,-2.816815481366914e-18)
 (20.692842774355341,-2.4687852126286731e-18)
 (20.954884619679049,-2.4477786028582864e-19)
 (21.09752421244329,1.8796801037569719e-18)
 (20.87802064337059,3.0136556963344494e-19)
 (8.4407771631099919,6.8349188652396193e-18)
 (8.4896529457833374,7.1868575379657705e-18)
 (9.060756969717815,8.2859839046508744e-18)
 (8.9923620122931762,7.6480616017166169e-18)
 (8.5101971889748196,6.2425063293434605e-18)
 (7.7561655935988814,3.1886366593617381e-18)
 (6.8580527263578963,1.599711844010534e-18)
 (5.9807043331036489,5.3376982387601348e-19)
 (6.7024898883093176,2.4854984275640761e-18)
 (6.7421117327046165,2.446111827940157e-18)
 (7.1916876109074073,1.3410701116936912e-18)
 (7.1856756267464874,3.2981771537982399e-19)
 (6.9178275608484823,-1.2136976513859472e-18)
 (6.4710692064786244,-3.2821325361341411e-19)
 (5.7207226376394225,5.1948851439045806e-19)
 (5.0144460271104547,2.8757977931734041e-18)
 (15.992939573849856,9.2555888449003898e-18)
 (16.003393476158873,9.2106016273265391e-18)
 (16.881669702370296,1.0666508075866793e-17)
 (17.53477617627712,1.2474145937285243e-17)
 (18.215378133472868,1.5566292416909933e-17)
 (18.706328947117989,1.5778056317845347e-17)
 (18.895426646062411,1.7780565462177401e-17)
 (18.96608675086469,1.4207934596952058e-17)
 (7.3148673498303074,2.3941856810000441e-18)
 (7.3595689600906731,2.3262292932437285e-18)
 (7.7505359086997334,1.0533550047011917e-18)
 (7.6587537610568379,2.6782919184565671e-20)
 (7.2891606829007198,-1.4997147289799602e-18)
 (6.7681961917388813,-5.7151204297938844e-19)
 (5.9578511267361369,3.5759249769139946e-19)
 (5.2063789633206374,2.7065387875622477e-18)
 (9.6251001114961294,3.1167406035514391e-18)
 (9.6840991671773597,3.1074708363153101e-18)
 (10.186453104248123,2.9441817952895185e-18)
 (10.089887501926899,1.6258301815389919e-18)
 (9.7691398966114367,1.6965092165018994e-18)
