# Created by Octave 6.4.0, Wed Mar 29 14:16:48 2023 CEST <pmagron@laptop-perso>
# name: SDR
# type: complex matrix
# rows: 46
# columns: 3
 (9.4436390975263524,2.5668058049111715e-17) (9.552259354496476,2.692354623195078e-17) (9.6158321549419732,2.3598145598247451e-17)
 (7.3385548361628601,-1.3032107098511608e-17) (7.8044410415807031,-1.3117599772308327e-17) (7.1847103711684595,-1.3142377061752026e-17)
 (7.3734497389490548,-3.0829537958053813e-18) (7.5544724357481723,-3.9262208972585775e-18) (7.819461679514589,-5.1758505758418261e-18)
 (NaN,2.6156597684660408e-17) (NaN,2.6202493253196387e-17) (NaN,2.7036492493031872e-17)
 (11.08022917517803,8.1471593720352809e-18) (11.202528974904524,9.3017208760139559e-18) (11.151546269558807,-7.8437790357012708e-18)
 (10.144373953127666,7.9886033019651886e-18) (10.169683243393397,7.7948066975317693e-18) (10.454237332879893,5.74030562228425e-19)
 (7.8621906511316109,-2.4500713058636397e-17) (7.9957710375970983,-2.5393897840048938e-17) (8.0350210198454377,-2.5230277844845024e-17)
 (NaN,2.6331647399340196e-17) (NaN,2.630989476634351e-17) (NaN,2.7199936259641282e-17)
 (2.2572378133302844,7.5398661651406078e-18) (2.3858744368825713,8.1012865559871885e-18) (2.2062145040770931,2.3436818495354213e-17)
 (3.4624402414007549,-1.3800095396672395e-18) (3.5886922728172506,-1.4364343578213873e-18) (3.5323321133104093,-7.9010666486135357e-19)
 (5.2953445271550077,1.0988668938558025e-17) (5.6393657162204551,1.131834389644384e-17) (5.6411929426840377,8.7059648177275941e-18)
 (10.216781215464826,-2.0147937237048791e-17) (10.269364535368261,-2.0626993874577809e-17) (10.437377616425085,-2.0436907680073144e-17)
 (6.6137194293657711,1.1416316091997789e-17) (6.7760653863458566,1.1412910890273814e-17) (7.0220865797642791,1.2567635695113141e-17)
 (6.3218469798318093,1.7969147139638473e-17) (6.4053762319215393,1.8254255792867347e-17) (7.0617456930275999,1.5839422638592068e-17)
 (NaN,-2.9487558780473957e-20) (NaN,-4.4764112614262649e-19) (NaN,-2.6107701985442097e-18)
 (6.8406660833196673,-8.9915930228940904e-19) (7.1262907686145454,1.9668343179633303e-18) (7.4683802398726611,-5.4114005121081414e-19)
 (4.8389861583809104,2.1280282728236336e-18) (5.0862287094497294,2.7888520002598451e-18) (5.3087366302611585,-2.4149890046246229e-18)
 (6.7694186268675081,1.1916312957572783e-17) (6.8458163570970116,1.2944315061959296e-17) (7.1240608516800474,1.1326394316234848e-17)
 (8.0364463806303057,-1.2359427422455608e-17) (8.122717673923681,-1.2966597516116888e-17) (8.2404269946886597,-6.9582697535641305e-18)
 (7.0426858119944171,-1.1319311547421636e-17) (7.2926386116008137,-1.2585570959446162e-17) (7.4989583085726634,-4.1472169759131198e-18)
 (8.2009212437391383,1.8147092614113558e-19) (8.3079209983929783,2.5132746584344218e-19) (8.6822604125458351,-5.4331915817076642e-18)
 (8.5624494105189708,-2.1637870810958557e-18) (8.6539756658554463,-9.176241414197041e-19) (8.6084824462310454,5.732028909374186e-19)
 (9.394803783645969,-2.2741407866587564e-17) (9.5490559195347089,-2.3059604791381366e-17) (9.4514862911632882,-2.8834266938719396e-17)
 (9.6290085582685698,2.8445057398183091e-18) (9.8300918369037618,1.3898991421294717e-18) (9.3709881936190591,2.4558820457040479e-18)
 (8.7185498790557752,-4.4427192098754814e-17) (8.8772106722843542,-4.5409318140028719e-17) (8.9457214719292377,-5.0347522023496647e-17)
 (NaN,3.0181194768368848e-17) (NaN,2.9996639697642947e-17) (NaN,2.6991474444068734e-17)
 (3.2832142001984899,-3.5711380419828892e-17) (3.5578120341967212,-3.5858771135593331e-17) (3.3465208988699846,1.0412655570671074e-17)
 (4.3935457263831328,1.7180712055777181e-17) (4.4084430187568469,1.6846634328430602e-17) (3.1695621853951943,2.7853044966472912e-17)
 (5.907474083224459,-3.291163283691881e-17) (6.0262767486086952,-3.3617230352780628e-17) (6.9503121248531485,-4.2281173945857971e-17)
 (8.3872986741645335,-1.1321191094615588e-17) (8.4589405841636243,-1.1771691682464878e-17) (8.8131665304553284,-1.085833290557976e-17)
 (7.2902066195729578,4.5949877327006039e-18) (7.4457363393873024,5.4058738072392018e-18) (7.9172897044225294,1.7955386217220757e-18)
 (12.173735453143212,-1.3880169649705614e-18) (12.35216058127614,-8.5376492124203984e-19) (12.733760190974138,2.4086192542276156e-18)
 (5.452725781585368,-6.5045253490138734e-18) (5.6269731719481832,-5.6390511774992861e-18) (5.1432367940474908,-8.657208117945333e-18)
 (7.2646017038970498,1.2080341229741404e-17) (7.963629132979821,1.8133778055490072e-17) (6.5882690003986735,6.6355324098288738e-18)
 (8.6420545935517623,2.0939063725446245e-17) (8.8975366052358478,1.9995351838681297e-17) (9.6715620886798916,1.3867725337825932e-17)
 (5.8913334012393905,1.2566923317105744e-17) (6.0289499384069325,1.3379414003912933e-17) (5.5718020763300906,1.3291870115011355e-17)
 (NaN,2.5459523759549723e-17) (NaN,2.67368191468266e-17) (NaN,2.4046285155714127e-17)
 (7.9959494383773135,1.2254457155288345e-17) (8.1869504304312244,1.1634266258035415e-17) (8.4789230973472041,2.0528025528971554e-17)
 (5.4612333998526044,1.4074763985412893e-17) (5.4765011825373033,1.4127099492512991e-17) (5.6264766398880006,1.7369871241865418e-17)
 (12.494708109147588,1.4966905619055035e-17) (12.558651677012517,1.6435153421660184e-17) (12.631229898754412,9.5900277642386641e-18)
 (7.8093765843570013,-7.3820080794986984e-18) (8.0639944527382141,-7.1785291331080077e-18) (7.7548732958244511,-9.0112953204803172e-18)
 (9.8668612337164436,1.906325674234423e-17) (10.04607751029441,1.877271791359497e-17) (9.9048122269069943,1.2620613937606447e-17)
 (5.8954275114588013,-1.8221784468582749e-18) (6.0320969686431525,-9.6619436542322472e-19) (6.1829040845411098,-5.5274081611655073e-18)
 (NaN,-1.367903153718537e-17) (NaN,-1.3554853081596002e-17) (NaN,-1.3348725150876391e-17)
 (9.4525692129422847,-3.4741191192756293e-18) (9.6342604699087087,-4.2186399047894243e-18) (9.7949641979375013,-4.5021537989367148e-18)
 (7.2000963466655534,1.9746043965456776e-17) (7.277080071215968,1.9786545340913029e-17) (7.2978144737263033,1.8543530207765379e-17)


